number of sequences: 4999
overall:		bases:499533	 average quality: 30.97
high quality:	bases:403622	 average quality: 37.81
truncated:		bases:388744	 average quality: 37.97

Per position quality (blocks of 20):
31.87	31.95	31.96	35.02	34.58	34.72	34.79	34.79	36.51	36.36	36.24	36.15	36.07	37.53	37.36	37.38	37.34	37.15	37.07	37.00
36.98	36.73	36.50	36.40	36.40	36.40	36.18	35.78	35.66	35.60	35.63	35.52	35.31	35.28	35.23	34.90	34.84	34.75	34.54	34.47
34.44	34.37	34.10	34.00	34.05	34.04	34.07	34.05	33.95	33.89	32.26	31.06	30.32	30.01	29.69	29.56	29.28	29.16	28.97	28.77
28.64	28.61	28.41	28.25	27.56	27.23	27.08	26.94	26.71	26.34	26.10	26.01	25.91	25.67	25.44	23.89	24.76	25.09	25.27	25.39
25.39	25.36	25.17	25.19	25.26	25.28	25.28	25.22	25.25	25.20	25.19	25.13	25.07	25.06	25.06	25.00	25.00	24.91	24.91	24.56
